7
0	27	11	17	20	12	32
27	0	15	26	21	30	13
11	15	0	28	14	23	22
17	26	28	0	19	18	22
20	21	14	19	0	16	23
12	30	23	18	16	0	24
32	13	22	22	23	24	0